3.482199
21.57848
3.605918
6.106149
4.803367
4.227898
-7.042914
-16.8866
-12.29184
-15.92237
-11.90118
-0.4259059
15.19813
-15.42145
-16.7567
9.105391
7.949363
19.62919
-21.34466
-3.544756
5.159114
-4.055023
3.061279
-4.324506
-15.82475
9.047533
16.7961
9.671848
-5.518626
-9.972524
-8.562556
-13.2916
-18.40771
-16.5795
15.6262
13.3247
10.2943
-12.95212
25.74414
-0.6351207
2.63456
-20.88008
11.47399
-0.4663377
-26.95241
8.325337
10.37206
-3.714877
13.50245
-16.14325
13.75613
15.53971
-22.49481
4.530045
16.39786
-2.596248
-8.983476
-23.72913
4.539317
-5.055436
-18.83333
-2.873668
-14.21233
-28.10712
20.58137
-0.4214301
-16.49742
17.12982
13.62235
-2.029539
-5.238932
-12.37377
-13.49204
-17.99696
-0.2663303
-3.715519
2.728938
-7.277064
5.327643
-11.77027
-19.32303
11.14412
-18.75714
18.13666
12.84135
22.11468
9.375982
9.558247
4.255336
-21.05632
-10.48914
-5.16449
4.4466
-12.46509
-0.9149468
4.287315
5.189264
-12.90398
8.611862
-3.898943
-2.16919
-7.665627
31.58007
-16.14118
-1.661322
16.695
13.66282
8.974905
10.39292
11.59225
13.03441
-8.77711
-9.060416
6.353873
-10.48166
-28.44568
9.990819
10.80251
-9.933387
11.50865
3.458951
-8.837317
1.225025
9.769021
11.20746
10.38005
-22.14373
3.334205
4.797156
-0.9526827
1.213674
2.463755
-14.3134
-12.48335
15.59081
-0.1367528
23.0334
-3.642668
4.839744
20.31351
11.08936
-1.85129
1.686578
-13.69752
-14.89994
21.60873
10.03413
17.73273
-4.499992
-3.884114
21.7792
-10.05114
3.813367
9.194562
1.048405
19.46336
18.80732
17.39923
3.009572
-3.361436
-17.46401
8.1461
-1.749452
3.036848
-10.50453
-12.39133
-14.43322
8.200382
8.463777
9.347608
17.06128
-10.24381
0.4650921
-14.92784
8.86467
-3.136118
-13.13361
8.307141
1.120483
-13.49722
-23.18331
-2.102228
-6.224245
1.088201
8.435017
-16.67783
19.90494
-4.829352
-4.169446
-6.772421
8.625984
-14.179
-6.084576
14.59792
-2.650668
-0.7643874
23.62048
13.33167
-9.697341
-0.1316729
11.56416
-4.183283
-11.22336
-8.485558
-19.4183
-14.86308
-16.08663
15.97509
4.112673
-9.694474
5.736006
12.18548
0.7691066
4.662349
-0.8354396
0.1413076
14.52594
5.805715
1.399069
14.20039
17.4122
-3.406032
-13.51237
-12.29099
-0.4204844
-0.02749866
9.483739
-3.294941
11.5898
6.884583
-10.71362
3.066718
4.507019
15.1004
-1.174009
5.292261
-11.5015
-27.55035
-8.390189
-6.416606
9.16665
-2.523757
4.755384
-2.083801
-15.26515
6.866267
-4.505584
-21.68262
22.8005
-9.421263
3.972298
-6.77159
21.24584
3.792176
12.84272
2.096825
15.38387
-2.724494
6.371398
-12.98513
-4.062232
-4.540101
9.73918
-10.91358
-0.254876
3.558502
0.6312134
14.81165
-1.6095
-6.530491
-7.51069
1.877987
4.530289
27.88897
7.535215
-10.84318
12.04594
12.01565
9.549298
12.84347
9.41586
-10.9166
1.217807
-8.545507
-20.54769
14.39578
-16.51844
-2.163318
-6.028276
5.831315
28.03735
-7.513011
-18.43886
-19.30751
9.140995
-0.2361767
-11.62151
24.55714
6.385011
-6.846485
-18.27292
0.2831838
-2.329469
1.062043
-23.70027
-11.75942
17.82449
-11.6032
14.99725
1.841962
21.883
9.063315
4.089125
1.722857
-5.652338
-8.101966
11.17506
10.04856
14.33001
-14.78614
-9.901134
-4.037635
6.195748
4.517922
2.954217
3.225041
16.16205
-13.68423
12.2574
15.26691
-0.6110076
4.13069
-19.81799
15.00092
4.714786
5.108066
-8.576179
9.419938
-6.636246
8.236043
0.7564827
0.8673753
-18.7263
18.70912
-19.21234
2.822795
2.68894
13.19636
4.265105
-22.87314
13.26745
-1.071981
-2.117797
-12.28158
15.97935
-1.05324
5.78195
6.461751
-8.917864
-10.28822
9.197319
5.334352
0.5397828
-34.97998
-14.81275
5.145548
29.32555
7.105465
19.45284
-11.60918
2.094476
9.446548
9.188482
10.78738
1.66153
-18.62203
13.72139
-6.232358
16.06291
16.60197
1.161558
-5.565907
-12.11885
1.391756
16.97629
-3.042411
-10.06276
6.624433
4.435772
5.9513
8.052236
-27.11163
-0.1396703
-23.12445
13.15921
16.74405
5.302046
-5.869842
0.6533169
-0.3371358
1.165274
11.33828
-3.578116
-12.58879
6.16626
9.685001
-8.943681
-11.43305
21.2407
6.645909
21.86799
9.967659
-1.74698
15.84068
-11.77126
-1.94015
-17.35198
7.998315
2.860177
7.849568
3.683027
-4.461583
-6.64521
-0.3658815
3.136689
-7.700721
-24.0949
0.05805127
-15.37437
3.641938
22.78622
-9.11033
0.1068984
16.605
-6.866034
11.39382
13.14831
13.95133
29.80896
5.430744
10.8492
-20.82063
-4.568217
6.290272
2.83503
5.235966
12.45
16.4911
2.7013
-0.1837338
4.341462
2.343004
-0.5447237
6.823124
-14.03319
1.211094
14.82648
-22.20428
9.702568
-6.739005
0.9254834
8.083969
-9.380654
9.715769
20.27253
-6.322814
-11.68157
3.173401
13.05421
-2.847045
-13.0496
13.48412
19.081
8.326538
9.060375
-10.59808
-10.13069
4.479804
9.586606
-6.938882
-10.15399
4.919064
-13.23421
-6.530289
-36.85549
-3.973111
-23.39116
-10.98121
-6.380926
-6.333727
28.78006
6.352486
-0.7911428
1.010474
3.515802
-1.343012
8.969762
-7.875789
-5.694153
0.5634881
-10.15338
-1.706544
9.712264
12.41694
23.41811
-2.520265
-4.748683
2.321218
-10.54018
2.167489
3.826899
-6.248128
-22.64073
-5.329639
9.463531
-9.498638
7.48616
4.943688
-12.48278
2.642467
0.4871726
31.93061
23.17205
5.19235
0.6113257
-9.834599
16.03307
10.21894
-12.88837
-29.96377
2.240664
5.191775
-4.722303
-9.755643
-9.26356
8.417419
-1.965319
11.11959
10.51942
-27.75272
-15.43957
-10.71752
-11.37536
14.28951
10.76396
-4.837175
5.428276
-27.01271
-26.73317
0.008356479
0.7625445
9.383446
5.83935
-16.13023
-14.34505
-21.95327
-22.86957
-2.423503
25.7581
0.373907
-1.998847
-17.63609
-6.18605
0.2314781
-10.8234
10.03259
2.310469
20.39767
-0.7585711
11.65507
9.317199
-26.98532
-11.33204
34.75638
5.179242
1.574443
-0.3798496
16.30909
-6.742745
8.753091
20.47975
-5.746485
-8.471209
20.63767
5.771548
4.226015
-4.658714
-14.89736
7.399678
-22.50156
13.0705
-14.25496
-2.208382
3.972374
-0.9530317
9.55216
-13.15346
-17.97048
14.11226
15.23396
-1.137593
-15.8518
-14.45685
7.856777
-6.719907
-10.519
2.364303
8.662048
-3.236953
13.31282
-4.835364
-9.893282
-4.267879
22.70511
-24.84716
6.269121
-1.677308
-14.14908
7.626992
2.664842
1.73012
1.528782
-11.61221
1.559711
-14.11838
-10.60324
11.10899
6.614175
5.363628
14.23448
-1.703272
1.743115
11.03722
9.584341
-10.65411
-1.480277
-4.45613
-16.59682
10.08157
11.29598
-16.80784
18.32363
15.59951
5.02731
5.947995
11.46483
4.368385
-8.55485
3.858995
16.5492
-19.30753
7.873963
-23.03682
-6.623574
15.63169
2.518477
12.13333
1.775819
-3.60681
8.48616
-18.71606
9.645884
-20.0953
8.310071
-6.291632
-12.06609
3.271578
4.831092
12.68824
15.17141
1.935077
4.737753
-19.07539
-12.06033
-22.61432
-14.73214
-4.550336
-19.86755
-3.765039
15.55964
-1.558895
-11.17492
-0.01860942
7.244828
21.32339
-11.20896
-23.51249
10.60329
2.866716
-3.649029
1.526633
6.762382
-8.261105
-4.484198
-6.381419
1.981449
-6.862393
1.928483
6.77694
-5.699763
13.04955
4.63077
-17.3809
1.785272
21.00719
19.98461
0.9521694
-7.237825
-23.65587
8.479865
-9.74582
-8.042643
8.816197
8.424101
-3.401023
-1.479264
1.362789
-15.72831
-0.4171712
-10.14983
-16.17332
0.9480573
28.61113
6.899383
-1.635179
-12.63889
-4.217663
12.87737
-2.448532
3.141499
1.464047
-8.974308
-5.438739
7.370678
-3.939779
-18.17102
2.062346
14.86939
-19.37015
-1.381514
20.84811
-1.736627
30.12491
29.83559
-3.989558
-0.2177367
0.518196
14.26873
-7.546858
8.060315
-17.66679
7.860443
-1.868281
-0.8029431
3.345324
6.821112
6.614695
25.3524
2.005985
6.749843
0.8957713
-5.403553
7.382103
-6.7092
3.376706
-1.585517
4.013742
-16.29608
-11.45238
4.413848
3.022426
-23.31207
3.456866
11.08737
4.791675
3.270018
14.28126
9.828723
0.8271963
-5.867358
14.03749
11.21969
-11.61501
0.3715317
-4.477025
-12.9618
0.1136583
-16.29736
-12.34428
11.56474
-8.771521
-6.564944
-6.693977
-6.352626
-11.31225
28.59547
-4.503787
8.723144
7.817489
6.565398
11.07841
24.99392
27.61759
8.271533
5.798367
-9.304565
9.531754
15.86163
-5.168372
5.306302
-4.566929
11.74084
-12.6339
9.604421
-15.77643
-5.225336
-5.59847
9.744241
-15.67272
-13.17446
12.80745
11.70802
2.837166
33.83909
11.34924
-7.780699
-8.336826
-4.787474
0.3782626
-8.502026
-13.72975
-4.854806
-0.6299187
-7.423728
29.86692
-7.659506
-2.719492
1.845869
3.681479
3.159699
-2.493334
2.23699
-13.76894
7.764267
-18.00651
4.198591
4.255076
0.5277665
7.362413
3.26473
-6.436311
-9.850581
-1.255092
1.396336
8.644644
-4.751405
11.50259
6.907644
-26.7067
-1.669628
9.768433
-7.040946
-7.974958
23.37351
-21.43351
4.070698
11.50239
-8.072043
14.69728
-1.670129
10.2824
6.645098
-7.994335
4.633095
-4.979322
8.908101
-0.5818871
10.56248
-8.621234
-11.35994
-19.28885
8.493948
-24.12565
8.986127
-4.196813
-7.577961
4.049118
-7.05051
-10.03082
4.18999
-1.611999
1.587697
10.66434
-16.53736
10.96422
9.553446
-7.511307
-5.173429
10.35458
-6.60307
-0.2350783
2.512019
-8.225619
7.740756
17.18765
-0.7772192
-20.57564
0.08282873
-9.717405
-12.75724
-13.68157
-0.161849
8.18782
-10.6865
8.492896
29.46334
-15.18276
-11.56639
19.03266
18.77153
-11.62377
-12.86592
-1.144653
14.09453
3.530912
-7.807518
-0.8303001
-3.922149
-18.99517
23.22335
2.478398
2.206313
13.64405
14.28481
-25.67092
8.510973
-8.078561
-1.117762
2.311605
11.40229
6.417183
-7.287907
-12.02762
-3.526634
1.523892
6.366926
-2.577369
16.73152
-4.191053
-20.09921
6.239227
-5.97705
4.034767
5.295002
2.130326
-2.813182
-5.737524
8.166384
-4.00086
-2.206712
0.2053849
-6.818176
14.52497
9.247992
17.40652
6.716098
2.814885
2.167237
0.8622971
-10.67585
7.019953
-10.89606
14.4959
1.003669
-18.91828
8.347264
8.961917
-4.638452
11.3324
-29.01781
-32.15014
-8.650293
-6.494681
-10.73509
3.773018
-2.592932
-7.147822
-6.437635
-3.005015
10.39957
-1.623667
-5.890074
-5.437093
-2.31341
-7.355171
3.781052
-3.82187
9.478066
-5.061676
21.5568
