13.14109
41.57278
28.85334
63.16751
-26.63485
19.61552
11.89645
-9.763527
8.254224
16.72728
-25.54585
-23.90928
6.037586
-0.6103463
6.936554
15.31841
-38.10652
-29.72204
35.52651
25.33023
-7.786698
13.05138
28.64403
-5.445718
14.90083
1.724927
14.22106
-3.907797
-29.69302
11.57477
-20.84217
3.077779
-15.44273
4.788359
-3.334139
-7.512521
-45.2533
12.74979
20.58295
45.02267
-35.05397
-9.003267
-1.312761
-14.62811
-10.01005
-19.92907
-30.18699
-19.8335
-28.77002
33.45896
-15.92364
63.57013
31.94781
24.92526
31.10837
6.833966
1.401826
-23.24556
29.02587
38.27465
54.88269
-7.534371
1.08493
-27.79376
11.68083
32.88288
18.46868
20.5491
33.43062
5.129757
-29.86874
-4.924238
-8.55757
-27.82168
-16.25166
12.27135
24.54013
13.66746
-6.100267
14.52589
-4.718789
8.688251
-4.076227
-10.86314
2.362286
27.81647
-14.88403
4.324699
-20.14504
-10.96787
-22.85739
0.7412909
-37.95494
-3.111294
-9.1011
-33.32935
-6.965915
22.20422
-20.84164
-7.918452
-7.212434
-6.892707
-10.43819
6.718488
-6.387527
0.3350968
-23.77328
-27.15014
-22.25287
-3.462972
-7.534951
10.96699
5.099911
-22.80425
32.69076
-0.502403
-8.67493
-20.741
26.37379
26.89054
42.30223
-5.745966
-30.92824
-17.87319
22.81417
-40.29323
-1.168534
-1.555157
-8.674102
-3.755035
29.64151
-7.862831
12.64954
5.463942
-23.46461
-32.0688
17.97517
-0.2499483
-4.261047
25.02081
-10.71708
-3.672551
-20.07432
25.43629
2.269704
-17.53511
30.86884
22.91495
22.20697
-29.07243
16.85025
47.07154
24.35501
31.25693
0.7937942
14.52188
-8.852167
13.83519
19.92379
-28.95181
-18.70333
-10.45278
-38.93873
-21.41527
11.20482
18.07316
24.85031
7.7206
-22.31392
46.35606
-27.28864
22.96348
-0.7637075
11.99833
-28.19375
8.774828
-18.21222
4.582013
31.59743
11.96686
9.745832
32.11402
28.1293
16.62779
-5.246306
-40.36031
11.83378
-4.065615
4.197977
-31.54393
19.61502
-28.28336
29.44775
-26.17566
-19.0068
-8.661556
2.471764
6.484876
7.083272
19.19193
-13.83195
24.68232
21.28022
-42.94993
18.3994
-23.69851
33.24556
15.18466
-37.34663
-11.48266
-16.09751
5.783235
30.82891
-21.42738
-28.94586
10.49604
-27.00662
3.351986
1.23197
28.63668
17.97298
3.367266
15.1548
-13.52889
2.281185
-35.76721
-1.690471
3.869497
8.927836
32.11139
-12.80566
-34.50156
-24.51437
-33.09763
27.36692
14.1762
-10.45381
8.058163
-33.27872
27.66631
-5.606972
17.80387
-5.618079
-19.62859
-28.24952
17.70129
-18.25463
-15.66236
-33.56952
-2.893769
-13.65859
34.43629
-35.39124
17.78765
-12.84803
-2.715179
-16.66733
-7.92698
-17.06596
41.38117
-20.56827
11.90644
5.190184
19.52939
17.06474
-28.49064
33.46964
-33.66229
7.50353
-9.491791
-11.1739
9.304609
5.862256
45.10296
6.278095
8.827555
-0.9267215
-9.481266
-2.796433
25.65149
-14.83428
2.419757
2.087813
21.3685
-34.12909
21.253
-15.92463
-7.827257
11.07002
-20.94661
23.43666
7.189981
30.51453
7.633477
-6.515049
-10.66287
7.205364
-10.19113
-9.18396
27.79932
-48.9759
14.93441
2.552801
-14.54165
39.79178
25.77743
-24.83567
11.9678
21.71538
-20.10401
-12.02012
-27.04214
1.090248
-12.30986
7.829212
-33.74519
38.7789
28.2937
36.40883
17.99195
2.583471
-31.04621
18.58969
-5.18646
-39.53243
0.2334742
-7.647836
-48.10818
-9.50835
31.97948
-13.81029
3.169669
0.0313432
39.8199
-23.93891
26.32557
-4.25504
28.19672
3.807632
11.21913
44.65725
-5.258049
31.79158
-19.95037
-9.978748
-10.3021
-13.69974
27.26749
-36.2668
21.61066
0.2337283
-4.160159
-6.89308
-24.38225
-22.89213
-44.31868
-29.32215
-34.89233
-13.4838
31.78859
-16.96105
-34.96911
16.40954
-1.455393
7.37279
34.60909
44.1693
16.378
-28.24219
-2.695384
17.64276
-3.876692
-27.72328
-4.338648
-19.43714
2.570868
14.14753
6.906787
-40.50119
6.315408
-4.580507
-9.100862
-14.14796
4.185937
-4.049985
4.914463
-9.695959
-19.1574
-4.173362
4.569536
40.36023
14.68189
4.000598
-3.265341
22.40475
11.18762
-8.460233
2.379229
5.699412
24.39806
-18.86592
7.96182
-5.405344
-25.6475
-8.207983
-3.17537
15.81368
-8.985383
-44.94553
10.61741
14.35069
22.41718
28.13635
6.190261
-1.63692
-37.52462
11.79459
32.61285
1.960792
8.199721
-45.65592
11.59564
-52.26123
-8.938502
-3.954923
-3.362542
-19.74249
-22.00485
-24.01127
-12.20077
18.82484
12.32396
32.90565
26.15736
7.537615
15.69809
-12.66349
0.9740401
-16.03913
9.105778
31.19832
-37.8667
2.308984
-2.447214
27.01903
-4.569826
4.513586
9.228905
34.96546
5.371806
14.0149
-27.17746
-33.78718
-17.59762
2.44514
-3.899328
-3.595834
-17.97777
10.78928
41.86538
38.05496
-31.17219
17.45926
8.248659
-17.00299
-36.66028
5.634848
-11.39496
-3.26832
-15.82199
-18.68063
-49.22769
6.665126
-25.25903
-5.475036
4.115885
-32.77752
3.437307
-13.40639
0.5973005
4.562857
9.986326
8.220786
-26.08561
5.09672
-9.406239
10.5677
-12.19603
5.385429
-0.745137
-7.567892
-3.835848
-32.44614
-42.82495
19.65478
-30.44034
10.46457
18.9749
-9.624051
-12.29564
-19.21701
14.54855
-16.45328
-7.403832
-2.679392
38.49003
-48.87945
10.9678
28.44365
-60.5383
-10.72789
16.25712
8.859148
18.08085
-28.20702
11.78367
33.56685
-20.84173
-45.62737
22.11967
-46.14306
-0.7377738
-14.08567
21.88945
-20.84667
-15.55416
-9.822346
-0.1340257
2.410257
-2.887216
10.71928
11.77801
-3.989281
-6.881579
-9.259923
7.077847
10.30856
-36.74093
2.186637
10.23805
-17.16596
6.551665
-0.5493385
-2.02219
25.41122
36.68315
-19.61862
8.080317
-52.26912
8.82729
19.37444
9.203245
-1.67983
25.0232
-24.63632
-24.28878
2.80281
31.40411
-7.646325
4.250847
34.992
-4.511586
-53.22048
17.47989
-49.75364
3.892846
-8.770955
15.0854
3.928376
-17.23211
13.43275
24.28906
-6.943207
33.94789
6.14234
-25.58172
-34.6978
-3.276684
-16.65245
-25.80414
0.1697513
-0.6199943
40.49646
5.240824
43.80375
4.433142
6.796947
-7.038646
-32.12098
-3.543064
4.766849
1.050695
39.09502
-18.82578
13.58045
-40.73597
25.58971
-55.70507
22.11887
-8.864679
-2.997847
-10.67291
-9.979387
-15.14292
7.363941
-41.59616
-6.630305
38.76706
-17.62177
-31.99695
-6.856758
22.79948
0.6992121
12.21381
-16.48283
0.6653328
-4.095378
-29.15517
29.86249
-22.26918
-2.204005
-6.132617
33.08778
6.928711
26.26981
-40.33756
-39.66029
-28.72374
-12.05696
4.942933
11.75168
-20.00109
10.06412
13.93291
-14.16849
-39.61464
13.99081
47.78008
-18.06962
6.488158
-17.06292
-8.994163
-17.09344
-3.074837
-3.783225
17.88969
-17.63694
-20.62461
-34.05876
-14.4099
-35.67372
-4.541145
-2.81364
17.39605
-37.66488
-48.36599
20.751
-19.37854
-1.603872
-6.174454
24.9839
-20.26859
28.40003
1.949553
-14.32925
1.67922
28.20307
-0.6777151
47.9324
-8.27867
29.62677
-53.46654
-39.9766
-24.90386
15.5377
4.020051
-53.49378
-23.78095
-9.681392
-4.707173
-21.26834
21.52745
21.04727
35.83318
-36.7693
-17.38251
-13.78147
24.32461
-6.79227
3.562496
2.94307
-25.25187
38.9397
-8.736725
-5.346333
1.419176
31.40685
-5.748848
0.5640632
26.28055
-19.64378
9.308257
19.07149
-35.35843
8.192789
-32.72224
-12.14021
-16.0892
-13.55375
10.07468
20.34615
31.36377
28.21852
4.514666
-8.471972
14.94419
-12.51281
-18.33395
-14.51402
-13.54416
-13.99743
18.47843
13.90193
-13.22238
-7.242393
-8.740994
14.06831
28.55033
-42.3558
-43.83121
-23.72073
-13.50238
7.855063
-21.81803
-8.496585
-49.68209
-3.456751
-9.836573
-13.84738
-2.964493
-1.225965
-63.26167
5.69272
4.946882
-18.36182
30.04995
16.80992
-17.61843
-6.864036
26.37877
-8.547275
-24.21974
-41.84596
-2.525289
31.8162
-26.78579
28.82735
-11.51653
-3.883996
20.01738
-2.805389
9.96683
-25.57081
-38.84443
10.79216
13.75898
-31.58105
-14.81325
32.91433
-10.6489
-0.9494435
-9.851734
-24.31118
4.441869
-4.143931
-23.39641
-16.82475
-11.29368
33.38337
8.819463
3.318749
13.99195
11.76798
-10.93407
8.814078
-15.73864
-13.43385
-5.887089
26.66873
6.417092
29.10801
-37.65638
-5.146802
8.937826
-29.46736
-4.572813
-6.784008
45.5245
8.321838
-24.77323
6.729344
21.12687
20.74727
30.82531
10.6407
22.45246
23.59865
7.91557
38.60468
-19.85619
-20.95293
-24.08964
-2.570969
36.35544
10.99277
-15.21296
-7.25617
-29.70148
-35.3057
-20.51258
25.68433
10.54041
3.851615
2.072858
9.396504
14.00133
-27.81522
11.96552
-19.40099
-9.068875
-3.796407
-10.57227
19.79553
-22.15037
61.89711
-7.071148
-10.54377
-21.43643
-28.77767
-18.2605
15.59953
14.25628
37.67206
-42.83638
-20.48441
-46.68981
5.252225
-17.50517
-24.55696
19.36257
38.77233
38.04009
3.896963
14.23624
31.29237
49.97572
27.00372
-4.084388
31.63277
-34.2711
0.05161432
3.179868
-11.48607
39.10126
-3.008144
-30.32022
33.92469
-17.04129
-5.055338
18.74125
-8.863962
33.07901
5.391666
19.25121
-18.11472
-19.10105
-7.394206
-29.11776
21.72272
3.195419
-8.387785
-2.854234
6.674485
30.59289
14.56719
-0.6174735
23.7431
2.727559
-32.49725
-39.24143
76.0653
9.674884
24.64189
-19.30197
12.21137
-20.91264
10.56612
-34.02625
27.12555
-22.83163
-15.68024
-24.43804
-6.51539
-12.41235
5.643442
-2.306733
25.09124
34.66944
2.692989
9.005171
-31.92332
-18.32729
6.51882
9.505947
-39.12347
-5.974295
-0.925864
-9.362011
-5.430112
-4.575255
13.22472
-9.691868
1.437205
40.13372
-10.84882
4.730795
-26.8618
2.480517
-0.9448782
-7.568339
14.29025
14.00523
23.54588
-12.60278
-9.004161
35.34764
4.362139
-34.43367
-22.1122
16.06046
-2.467525
-16.52819
-0.7545334
-13.3993
1.772693
26.76074
21.48184
-13.3068
-1.31171
15.28234
-27.16692
-3.015398
-4.188985
-6.587232
24.58586
-24.60597
-17.14793
12.50473
11.99966
-44.88702
0.6034626
42.64441
-0.06975751
-1.700626
-5.062876
-11.02228
11.54227
16.45328
-6.128214
37.6591
-3.697673
-8.016182
-13.11968
13.81796
15.1169
6.745777
-13.14391
16.29951
-14.601
6.498212
-10.14372
26.6162
3.026916
-5.614123
21.54112
16.68747
-5.609539
30.25299
-6.213295
-6.261321
-17.06994
-37.07175
-19.63353
8.223614
-5.766005
-3.865907
-14.36586
58.2044
-3.495606
15.83158
