1
2
0.9563367
-0.8751854
-1.790958
-1.01188
0.7239391
1.76023
1.131328
-0.4751225
-1.529102
-1.067607
0.4427476
1.302745
0.8839502
-0.3536095
-1.116213
-0.860463
0.1558971
0.9861934
0.7958617
-0.1400127
-0.9485159
-0.7802159
0.2044332
0.9396221
0.7373201
-0.09318456
-0.820603
-0.7532415
0.00581416
0.669456
0.7111779
0.1043851
-0.5123583
-0.5019408
0.03796943
0.4854438
0.5072294
0.08585219
-0.3925212
-0.5803935
-0.168915
0.2846722
0.4079056
0.1547216
-0.1730248
-0.3018563
-0.2354044
0.0003588353
0.2078912
0.2075564
0.07007004
-0.1860976
-0.2200936
0.02293715
0.2485612
0.2267685
0.02279394
-0.1608773
-0.1000512
0.09666896
0.1292107
0.0254727
-0.05612485
-0.04668186
-0.02516498
0.05759291
0.05464537
-0.03901794
-0.1139317
0.00133985
0.1215059
0.09276969
-0.0004885351
-0.1242948
-0.07992839
0.07118745
0.09713546
0.06745247
-0.09033051
-0.1304322
-0.08938366
0.08991954
0.1826818
0.09608752
-0.04866755
-0.05862413
-0.04672047
-0.02996497
0.006551837
-0.002876325
-0.002556479
0.02736987
0.07499483
0.02327356
-0.05039763
0.0231786
0.04056401
0.05622988
0.0601934
0.003437276
-0.05158438
-0.07309428
0.08754345
0.1942358
0.1495791
0.01343144
-0.1694795
-0.3178983
-0.1789873
0.1801147
0.3257424
0.1601951
-0.09377175
-0.1952094
-0.1054212
0.07806285
0.2643399
0.1062641
-0.1683411
-0.1848093
-0.05242242
0.1917856
0.2969996
0.1325063
-0.1886884
-0.3522268
-0.2305778
0.1499468
0.4370691
0.1908057
-0.2019445
-0.4268047
-0.2901035
0.1017772
0.3036133
0.2422951
0.03616311
-0.171364
-0.204412
-0.05950105
0.1216843
0.1737618
0.08000867
-0.07512454
-0.1425295
-0.1437178
0.01096816
0.2600021
0.2804144
0.02230973
-0.2351064
-0.2062185
-0.1050791
0.1694785
0.1764951
-0.04498974
-0.07537942
-0.01882993
0.01234836
0.1457303
0.1126484
0.04205597
0.04014739
-0.03566962
-0.06059666
-0.03539594
-0.004435005
0.03080539
0.03784803
-0.004112404
-0.01715855
-0.08227694
-0.06206284
0.1281474
0.1874703
0.06749727
-0.1191562
-0.2128804
-0.1592565
0.003344318
0.2005268
0.1799526
-0.04397285
-0.1979927
-0.2709718
-0.05022706
0.2231813
0.2276399
0.04798747
-0.2173534
-0.3027149
-0.1275362
0.2021983
0.3247994
0.06154713
-0.2683378
-0.3254852
-0.06534956
0.2388264
0.2474298
0.007708638
-0.2374738
-0.2215891
0.0407053
0.3034667
0.3077658
-0.03812074
-0.389682
-0.3758951
-0.05043507
0.3082221
0.3507087
0.1224907
-0.2300239
-0.4306813
-0.206354
0.1645825
0.2670236
0.01159585
-0.3442516
-0.326157
0.03608215
0.2922603
0.3091408
-0.103893
-0.4326053
-0.2935425
0.1716651
0.437476
0.2559152
-0.1667963
-0.4430963
-0.2271668
0.2073763
0.439904
0.1506557
-0.226581
-0.2658575
-0.05207988
0.1672753
0.1857768
-0.06028018
-0.2170811
-0.1272859
0.1060097
0.1763798
0.08076975
-0.09531248
-0.229857
-0.09007982
0.1244099
0.2449463
0.2183394
0.02495423
-0.2373683
-0.2213367
0.1272677
0.2129201
0.1483568
-0.02654561
-0.2022794
-0.1899172
0.01567081
0.2181454
0.3017434
0.09149235
-0.2142972
-0.305361
-0.05798323
0.2435723
0.3337172
0.08399449
-0.2234644
-0.2479791
-0.01718005
0.224074
0.2938006
0.1572108
-0.1426259
-0.3477318
-0.137136
0.245522
0.3761834
0.1213091
-0.1185018
-0.2825982
-0.2007828
0.01114149
0.1911788
0.2256209
0.1132927
-0.05910541
-0.1712102
-0.1418716
0.01614683
0.1583526
0.06432321
-0.07641082
-0.1676663
-0.08331427
0.09683507
0.1511936
0.09341465
0.05020936
0.03964807
0.03564443
0.05350102
-0.08436889
-0.2455958
-0.1101832
0.1242842
0.2685716
0.1637731
-0.1110478
-0.2051917
-0.16471
0.08306277
0.3087394
0.2389043
-0.1235614
-0.4367227
-0.365942
0.07331946
0.4023353
0.3547973
-0.08033388
-0.4164676
-0.3145563
0.1000858
0.3864533
0.3327137
0.07327479
-0.2655281
-0.3315566
-0.09215781
0.1324507
0.2136974
0.06478503
-0.1326359
-0.2061537
-0.133385
0.09208979
0.1164349
0.0488085
-0.001051725
0.02493288
0.0005136079
-0.06701476
-0.02244417
0.1032703
0.2103961
0.05286264
-0.05500963
-0.09312194
-0.1052106
-0.05747011
-0.03873992
0.000990786
0.07433562
0.06137698
-0.007944886
-0.1136977
-0.04640716
0.05977236
0.1023867
0.0172557
-0.06157649
-0.07523307
0.06045194
0.07021168
0.06374465
-0.01857301
-0.09526492
0.01608228
0.09551726
0.1275317
0.06164292
-0.04463544
-0.09920055
-0.02173056
0.07821394
0.05445465
0.03855193
-0.01433345
-0.005584758
0.07121738
0.1204311
0.05151091
-0.01683482
-0.1718473
-0.1460905
-0.02380736
0.1424734
0.1123431
0.04883987
0.02237044
-0.02385099
-0.00674438
-0.0532543
0.02321138
0.1166945
0.06411398
-0.07949255
-0.08045163
-0.008102095
0.1061326
0.1207213
0.1187679
-0.1109009
-0.138875
-0.1013895
-0.04005173
0.06260972
0.1189527
0.05812821
-0.08251471
-0.1812394
-0.04515
0.05242651
0.057448
-0.008396812
-0.03895497
0.05836349
0.0884338
-0.02811843
-0.06131757
-0.07973755
0.03593461
0.1253253
0.1013598
0.04353481
-0.0687399
-0.1874595
-0.1107026
0.1288206
0.3415948
0.2224589
-0.06710521
-0.2951534
-0.2592414
0.06158767
0.3305949
0.2397407
-0.1510821
-0.3312044
-0.1707912
0.1763402
0.4298999
0.3190934
-0.06111388
-0.4262926
-0.2915426
0.1194168
0.2965498
0.231869
-0.0290028
-0.1991528
-0.05865974
0.04286788
0.1296994
0.1091876
0.01123629
-0.006610335
-0.01594042
0.0208254
0.02098732
0.04003862
0.004218248
-0.05194141
-0.0709694
-0.03951674
0.0415694
0.08556398
-0.04224318
-0.06560105
0.006341264
0.09728077
0.1349404
0.002369826
-0.1668138
-0.137742
0.02671265
0.2074744
0.2018547
-0.01116422
-0.08181131
-0.1254402
-0.01295465
0.002401061
0.0874101
0.1222239
0.09054528
-0.002847477
-0.07682964
-0.114675
-0.104191
0.02001415
0.112362
0.1088629
-0.008488935
-0.1043147
-0.08418226
0.06664081
0.1776647
0.1292985
-0.09916023
-0.2227007
-0.07593266
0.0570425
0.1741531
0.08973156
-0.1163554
-0.2202472
-0.1301108
0.09222407
0.2984331
0.1900199
-0.05770758
-0.211537
-0.244509
-0.01381047
0.2451655
0.2285553
-0.03857714
-0.2605356
-0.2053456
0.03422865
0.1932691
0.1838705
0.07812972
-0.2309839
-0.3059696
-0.06717877
0.2124957
0.2821341
0.01277641
-0.1700805
-0.2997826
-0.09308967
0.2028017
0.2877888
0.09799043
-0.2257619
-0.3510081
-0.1356786
0.1371084
0.2584776
0.1317769
-0.1739496
-0.2505712
-0.08177877
0.1180025
0.127006
0.003101926
-0.1142275
-0.1201222
-0.004620517
0.02267034
-0.006799657
0.0248046
-0.06375747
-0.04361586
0.00400211
0.08007992
0.1228717
0.02842469
-0.1669786
-0.1490696
-0.01635833
0.1957
0.3024379
0.0228015
-0.2332303
-0.3046677
-0.05768707
0.1544202
0.184802
-0.0320308
-0.3036978
-0.1516107
0.07294406
0.2350505
0.1619068
-0.0940688
-0.2253295
-0.1467154
0.01650396
0.1328532
0.2261869
0.07214662
-0.09698923
-0.1666629
-0.1146204
0.01214277
0.1327047
0.1067949
-0.05608792
-0.1645477
-0.1480802
0.03306384
0.1212334
0.1239366
0.03071409
-0.07820144
-0.1064495
-0.04636208
0.09501159
0.1316143
0.0007744874
-0.1193615
-0.08658231
0.03189048
0.1219504
0.06813226
-0.1520759
-0.2584303
-0.1548403
0.03788682
0.2121745
0.2351787
-0.004842123
-0.2449458
-0.2519541
-0.147364
0.07100135
0.2359433
0.131643
-0.09510467
-0.1539153
-0.08302776
0.06839121
0.1291884
0.01700381
-0.1287796
-0.1714936
0.001473024
0.1667397
0.252117
0.1136142
-0.1415643
-0.2421383
-0.05988952
0.05950451
0.1552319
0.1200454
-0.07937172
-0.2181292
-0.1237709
0.1215848
0.2457048
0.06036989
-0.1495973
-0.2213832
-0.1613883
0.04112247
0.2161538
0.2099959
0.02804806
-0.1794118
-0.1482244
-0.008665174
-0.00872138
-0.01462571
-0.02908744
0.03995255
0.05698285
-0.004532897
-0.1257239
-0.1156466
-0.03651381
0.05900331
-0.01438081
-0.07677046
0.01757315
0.05865127
0.07085296
0.03029605
-0.01831505
-0.01628636
0.04233651
0.04010968
-0.001606531
0.05857862
0.05460374
0.05196687
-0.04610431
-0.07844007
-0.03654253
0.04512209
0.1117233
0.2116845
0.1220181
-0.01767702
-0.1167679
-0.1496511
-0.04083252
0.08864545
0.1352977
0.03083876
-0.06254473
-0.1703467
-0.1782663
0.04464196
0.2708268
0.1272404
-0.1434682
-0.2349254
-0.1135089
0.04548952
0.1488295
0.1766378
0.08336022
-0.08272889
-0.1975027
-0.2102392
-0.04907046
0.2251663
0.2725423
0.1085563
-0.1506072
-0.1845387
0.004091614
0.1573169
0.191784
-0.005577521
-0.2164094
-0.1446938
0.06007521
0.1938048
0.06462179
-0.1661677
-0.1895489
-0.02750785
0.1896628
0.1766453
-0.03669645
-0.2220549
-0.0950796
0.150801
0.2780111
0.07304934
-0.2212255
-0.2566991
-0.05662364
0.2585128
0.2949203
0.0830392
-0.1824828
-0.2500817
-0.01320097
0.2490926
0.2990246
-0.0332149
-0.2046381
-0.1603507
0.06657343
0.1933968
0.1679234
-0.05559367
-0.1921285
-0.1118792
0.04520622
0.1947342
0.243418
0.03964997
-0.2609038
-0.3111426
-0.02726626
0.1645924
0.227848
0.1144742
-0.1239523
-0.2869708
-0.09872358
0.1700534
0.2945854
0.1795611
-0.09846259
-0.2761558
-0.2422251
0.04465076
0.2483383
0.1568768
-0.1206518
-0.2960249
-0.1758985
0.1874814
0.3566975
0.1821952
-0.1378297
-0.3602628
-0.1828308
0.2440608
0.5089415
0.1295738
-0.3810904
-0.5689542
-0.1924761
0.3100283
0.4410098
0.1917327
-0.09629057
-0.2868381
-0.2728723
0.02991722
0.2450306
0.2391583
-0.05757352
-0.3002004
-0.2145288
0.06690466
0.238903
0.2261598
0.02885673
-0.1851383
-0.2350824
-0.0940885
0.07243162
0.1815045
0.09720208
-0.1137462
-0.2657493
-0.1840008
0.1473308
0.3696819
0.2465935
-0.1296365
-0.4023893
-0.3282677
-0.01678276
0.3869686
0.3139125
-0.004309712
-0.3869567
-0.3624375
0.05531817
0.4024022
0.3195745
-0.1103467
-0.3287648
-0.2386898
-0.01079513
0.1659831
0.1421617
-0.009142832
-0.1562764
-0.1539429
-0.06438546
0.07684583
0.07010309
-0.05107891
-0.1575682
-0.0702921
0.1309971
0.2086933
0.06708805
-0.1866849
-0.2114023
-0.01426608
0.2518774
0.2030419
-0.006084669
-0.2129339
-0.2315021
-0.02133002
0.1509317
0.1265188
0.003383911
-0.08659057
-0.1151265
-0.1005345
-0.01846997
0.01976769
-0.004203913
0.1000355
0.06131978
-0.148483
-0.2024799
-0.04547983
0.0494333
0.2049287
0.1134163
-0.1418003
-0.2757395
-0.1097241
0.2204425
0.3401957
0.1005409
-0.2521813
-0.3356747
-0.005143196
0.2857392
0.2321768
-0.02201182
-0.3262325
-0.2960971
-0.1068733
0.1814076
0.211917
0.01482874
-0.16989
-0.1481705
0.0105376
0.1485933
0.206461
0.1101994
-0.05287887
-0.1125131
-0.04180465
0.05886431
0.08767569
0.06649079
-0.003662966
-0.08769911
-0.04719221
-0.01683604
0.04679519
0.1706163
0.0664206
-0.07893902
-0.08769126
0.007431629
0.03883618
-0.07400974
-0.1373948
-0.0002353364
0.2177082
0.1338499
-0.09692691
-0.254432
-0.1789687
0.07230959
0.1988725
0.1165351
-0.05852022
-0.1560354
-0.08736228
0.04563926
0.09747394
-0.0008523801
-0.04921091
-0.09141494
-0.1318424
-0.1168724
0.05364065
0.1821496
0.1961302
0.01401083
-0.1956642
-0.2159439
-0.009123693
0.2374563
0.1821723
-0.06808441
-0.2140671
-0.1442094
0.04351205
0.2172709
0.1800119
-0.0693997
-0.2630772
-0.2704179
-0.1190686
0.1650242
0.3228952
0.08911595
-0.2619263
-0.3064621
-0.09656008
0.264205
0.3236613
0.06663999
-0.2402391
-0.2934632
-0.1435492
0.1422119
0.3534753
0.1600792
-0.1523161
-0.3714239
-0.1907047
0.1514541
0.3394958
0.1883146
-0.1439766
-0.3226943
-0.1869977
0.1400641
0.3576036
0.1917155
-0.2130225
-0.4193019
-0.202127
0.1660672
0.3391849
0.1860298
-0.1452291
-0.326703
